layer 0:
    in: 1
    out: 5
    w:
        -8.575e-01  9.548e-01
        -6.446e-01 -6.036e-01
         3.174e-01 -1.095e+00
        -2.556e+00  4.351e-01
         1.053e+00 -9.250e-02
    actvate: relu激励函数

layer 1:
    in: 5
    out: 5
    w:
         8.697e-01  8.657e-01  6.263e-01 -4.686e-01  4.307e-01 -6.406e-01
        -7.909e-01 -4.189e-01 -5.628e-01  2.876e-01 -7.019e-01 -1.522e-01
        -3.575e-01  5.569e-01 -1.681e+00 -3.143e-01 -5.139e-01 -1.324e+00
        -3.216e-01  6.457e-01 -6.984e-01 -7.193e-01  8.470e-01  9.356e-02
         9.791e-01 -2.306e-01 -5.965e-01  5.601e-01 -3.711e-01  8.074e-01
    actvate: relu激励函数

layer 2:
    in: 5
    out: 1
    w:
        -2.365e-01 -7.033e-01  2.644e-01  9.233e-01 -1.229e+00 -1.365e-01
    actvate: 指数激励函数

