layer 0:
    in: 2
    out: 5
    w:
        -1.022e+00  2.272e-03 -6.407e-01
         8.846e-03  1.022e+00 -8.550e-01
         1.288e-02  9.843e-01  7.078e-02
         1.442e-02  9.662e-01  8.692e-01
         8.890e-01 -3.541e-02  1.015e-01
    actvate: unknown

layer 1:
    in: 5
    out: 5
    w:
         9.199e-01 -2.385e+00 -2.030e+00 -2.251e+00  1.058e+00  1.736e+00
        -3.730e+00 -7.125e-01  5.808e-01 -1.487e-01  4.215e+00 -6.645e-01
         8.455e-01 -2.572e+00 -1.858e+00 -3.223e+00 -7.983e-02  2.698e+00
        -1.019e+00 -6.257e-01 -1.306e+00 -1.807e+00  2.488e+00  3.219e-01
        -3.114e+00  1.426e-02 -3.194e-01 -4.822e-01  3.860e+00 -4.438e-01
    actvate: unknown

layer 2:
    in: 5
    out: 4
    w:
         8.094e-02 -5.905e+00  3.291e+00 -1.912e+00 -4.289e+00  3.152e+00
         5.490e-01 -6.109e+00  5.522e-01 -2.243e+00 -4.715e+00  4.966e+00
         3.954e+00 -6.426e-01  5.843e+00  2.870e+00  4.845e-01 -5.066e+00
        -4.627e+00 -8.897e-01 -5.098e+00 -1.499e+00 -5.027e-01  4.952e+00
    actvate: unknown

layer 3:
    in: 4
    out: 4
    w:
        -1.093e+01 -1.003e+01 -1.087e+01  9.391e+00  1.119e+01
         7.908e+00  1.465e+01 -1.404e+01  9.318e+00 -9.933e+00
         1.297e+01  7.022e+00  8.340e+00 -1.176e+01 -7.361e+00
        -1.063e+01 -1.267e+01  1.578e+01 -9.239e+00  6.253e+00
    actvate: unknown

